
strategic_region={
	id=102
	name="STRATEGICREGION_102"
	provinces={
		1286 2179 2545 2721 2965 3091 3842 4277 4634 4843 6808 6809 6829 6842 6864 6872 6882 6919 6958 7000 7014 7039 9284 9285 9699 10309 10547 10624 11057 11415 11577 11737 11885 12194 12743 12979 13756 13833 13967 14215 14511 14606 14786 14864 15040 15146 15205 15553 15699 15898 15954 16102 17180 17206 17216 17218 17236 17241 17244 17245 17249 17276 17286 17288 17291 17298 17299 17323 17333 17357 
	}
	naval_terrain=water_fjords
	weather={
	}
}
