
strategic_region={
	id=111
	name="STRATEGICREGION_111"
	provinces={
		9514 9793 9815 10191 10203 10484 10517 10649 10662 10686 10770 11243 11552 11768 11819 11900 11960 12133 12241 12282 12296 12392 12413 12441 12753 12815 12923 12982 13142 13510 13707 13720 13755 13831 13837 14127 14272 14382 14393 14476 14680 14737 14738 15003 15042 15093 15391 15479 15585 15793 15899 15985 15991 16027 16056 16115 16264 17615 17661 17666 17669 17670 17677 17684 17696 17699 17722 17735 17741 17746 17782 17789 17840 
	}
	naval_terrain=water_shallow_sea
	weather={
	}
}
