
strategic_region={
	id=113
	name="STRATEGICREGION_113"
	provinces={
		9311 9331 9332 9333 9334 9344 9346 9368 9374 9426 9572 9633 9778 9803 9868 10083 10090 10146 10357 10710 10825 11064 11358 11426 11523 11536 11685 11731 11805 11909 12415 12418 12635 12666 12762 12791 12857 12961 13050 13171 13246 13324 13444 13562 13739 13981 14048 14091 14205 14219 14244 14252 14261 14297 14424 14433 14526 14532 14537 14596 14623 14650 14762 14797 14877 14888 14914 15207 15268 15366 15474 15638 15674 15787 15987 16077 16138 16267 16280 16295 16302 17267 17295 17306 17308 17344 17345 17362 17371 17382 17405 17408 17417 17419 17422 17451 17464 17471 17477 17485 17529 18235 
	}
	naval_terrain=water_fjords
	weather={
	}
}
