
strategic_region={
	id=114
	name="STRATEGICREGION_114"
	provinces={
		9425 9563 9592 9593 9671 9719 9860 10022 10177 10428 10434 10629 10737 10863 10925 11266 11414 11427 11448 11482 11521 11733 11751 11778 11837 11883 11894 11948 12071 12079 12099 12110 12196 12216 12435 12436 12643 12644 12677 12740 12819 12971 13007 13026 13059 13079 13120 13177 13183 13448 13594 13725 13786 14107 14184 14185 14223 14333 14392 14529 14658 14977 15132 15159 15320 15568 15582 15611 15643 15718 15883 15955 16047 16114 16169 16271 16287 17538 17548 17551 17578 17608 17624 17653 17668 17676 17698 17704 17706 17708 17730 17748 17756 17771 17815 17819 17844 
	}
	naval_terrain=water_deep_ocean
	weather={
	}
}
