
strategic_region={
	id=115
	name="STRATEGICREGION_115"
	provinces={
		9431 9509 9555 9728 9736 9764 9842 10011 10021 10099 10190 10287 10327 10549 10568 10982 11055 11173 11365 11467 11510 11541 11950 12171 12237 12385 12409 12533 12664 12781 12842 12854 12887 12908 12994 13015 13023 13154 13208 13423 13449 13607 13745 13772 13834 13865 14044 14218 14359 14421 14607 14637 14684 14759 14798 14850 14979 15081 15128 15204 15273 15451 15457 15460 15713 15861 16045 16088 16124 16301 17402 17412 17439 17449 17452 17455 17456 17468 17475 17478 17487 17503 17504 17508 17512 17517 17522 17534 17540 17543 17566 17573 17592 17603 
	}
	naval_terrain=water_fjords
	weather={
	}
}
