
strategic_region={
	id=116
	name="STRATEGICREGION_116"
	provinces={
		9620 9800 9808 9916 9948 10005 10057 10171 10231 10408 10600 10819 10924 11078 11251 11417 11563 11673 11939 12030 12229 12384 12429 12469 12493 12514 12684 12696 12782 12833 12890 12893 12931 13039 13159 13320 13322 13443 13460 13501 13701 13815 13959 14018 14024 14030 14154 14275 14409 14676 14747 14882 14887 14900 14980 15005 15071 15149 15243 15427 15495 15537 15672 15735 15753 15821 15890 15923 15997 16070 16134 16202 16244 17523 17571 17582 17600 17607 17610 17613 17614 17616 17620 17621 17626 17632 17635 17643 17650 17657 17675 17690 17701 17707 17709 17714 17727 
	}
	naval_terrain=water_fjords
	weather={
	}
}
