
strategic_region={
	id=117
	name="STRATEGICREGION_117"
	provinces={
		9420 9422 9438 9499 9529 9537 9581 9600 9782 9822 9957 10114 10328 10343 10396 10413 10558 10776 10823 10947 11075 11252 11375 11498 11564 11600 11634 11713 11818 11847 11997 12058 12321 12374 12395 12416 12421 12546 12685 12687 12816 12841 12868 12983 13005 13016 13060 13063 13080 13291 13462 13477 13539 13576 13845 13907 13927 14340 14451 14479 14527 14766 14788 14891 15104 15140 15284 15318 15324 15453 15534 15768 15802 15834 15835 15902 16228 17979 18009 18018 18036 18037 18039 18043 18053 18060 18076 18085 18093 18095 18098 18102 18107 18108 
	}
	naval_terrain=water_shallow_sea
	weather={
	}
}
