
strategic_region={
	id=118
	name="STRATEGICREGION_118"
	provinces={
		9491 9565 9600 9664 9709 9710 9821 9829 9845 9936 9957 9965 10037 10108 10291 10403 10509 10563 10606 10826 11021 11105 11289 11352 11408 11587 11614 11617 11709 11716 11773 11872 11876 11887 11914 11921 12135 12249 12288 12364 12378 12425 12431 12443 12581 12693 12855 12862 12882 12964 13144 13202 13205 13206 13340 13410 13480 13512 13706 13800 13832 13850 13905 13988 14142 14224 14284 14314 14339 14460 14496 14500 14629 14645 14659 14727 14751 14765 14857 14865 14881 14899 14991 14996 15000 15099 15164 15255 15260 15275 15374 15703 15704 15732 15749 15761 15907 15971 16022 16097 16101 16133 16142 16181 16221 16243 16284 17814 17836 17856 17882 17901 17917 17935 17962 17981 17985 17999 18021 18032 18033 18041 18063 18080 18096 18102 
	}
	naval_terrain=water_fjords
	weather={
	}
}
