
strategic_region={
	id=119
	name="STRATEGICREGION_119"
	provinces={
		9362 9445 9615 9636 9718 9745 9866 9872 10141 10143 10154 10317 10486 10508 10843 10928 11218 11360 11646 11800 11889 11965 12020 12238 12263 12299 12573 12683 12732 12754 12812 12843 12886 12895 12899 13101 13273 13542 13582 13812 13918 13929 14038 14240 14348 14398 14425 14695 14771 14879 14895 14923 15188 15332 15403 15659 15736 15782 15822 15972 16023 16025 16063 16072 16117 16193 16266 16294 17484 17497 17511 17524 17532 17562 17581 17583 17599 17602 17654 17681 
	}
	naval_terrain=water_shallow_sea
	weather={
	}
}
