
strategic_region={
	id=120
	name="STRATEGICREGION_120"
	provinces={
		12 9307 9309 9310 9313 9317 9318 9319 9321 9324 9329 9469 9716 9887 9896 10043 10323 10562 10646 10705 10920 11117 11130 11197 11246 11315 11342 11486 12141 12203 12548 12582 12642 12719 12723 13000 13064 13409 13440 13540 13597 13629 13705 13761 13851 13870 13930 13984 14046 14072 14156 14303 14507 14599 14628 14928 14981 14989 15281 15347 15397 15414 15573 15669 15684 15817 15833 15933 15956 16177 16201 17280 17284 17296 17305 17314 17315 17319 17328 17332 17351 17353 17354 17363 17364 17366 17373 17374 17375 17397 17418 17432 17443 17459 17480 
	}
	naval_terrain=water_fjords
	weather={
	}
}
