
strategic_region={
	id=121
	name="STRATEGICREGION_121"
	provinces={
		292 3288 6515 9254 9256 9257 9259 9261 9276 9278 9279 9286 9441 9471 9696 10254 10329 10411 10577 10952 10966 11013 11153 11177 11201 11416 11517 11603 11745 11794 12064 12074 12225 12226 12290 12484 12503 12640 12745 12760 12838 12884 12921 12998 13018 13049 13143 13155 13428 13564 13669 13763 13801 13884 13906 14021 14121 14188 14280 14513 14536 14554 14565 14600 14686 14911 14916 14926 15130 15165 15383 15543 15561 15587 15629 15754 15811 15874 15916 16110 16164 16178 17055 17057 17121 17129 17148 17153 17161 17167 17174 17209 17217 17225 17229 17242 17247 17252 17260 17268 17301 
	}
	naval_terrain=water_fjords
	weather={
	}
}
