
strategic_region={
	id=123
	name="STRATEGICREGION_123"
	provinces={
		10015 10038 10359 10523 10656 10659 10708 10759 10790 10910 11102 11112 11509 11672 12050 12138 12139 12163 12247 12339 12410 12426 12932 13019 13100 13102 13341 13544 13648 13731 13806 13849 14143 14285 14318 14326 14337 14352 14371 14412 14482 14636 14725 14821 14953 14974 15014 15141 15298 15329 15532 15616 15865 15870 15952 15953 16037 16253 17029 17041 17044 17069 17076 17078 17080 17093 17098 17100 17118 17137 17142 17155 17171 17176 17187 17189 17196 17238 
	}
	naval_terrain=water_shallow_sea
	weather={
	}
}
