
strategic_region={
	id=124
	name="STRATEGICREGION_124"
	provinces={
		9613 9844 9863 9989 10109 10184 10275 10522 10580 10590 10657 10690 10820 10885 11053 11068 11171 11303 11838 12094 12170 12245 12612 12799 12914 12928 13037 13128 13158 13354 13528 13675 13773 13900 14132 14199 14266 14347 14408 14462 14542 14717 14803 14829 15137 15217 15286 15292 15309 15321 15410 15419 15497 15608 15717 15752 15785 16012 16145 16210 16867 16907 16965 17007 17010 17021 17037 17048 17064 17068 17072 17073 17106 17111 17115 17116 17124 17150 17159 17162 17207 17214 17220 18177 
	}
	naval_terrain=water_shallow_sea
	weather={
	}
}
