
strategic_region={
	id=127
	name="STRATEGICREGION_127"
	provinces={
		9452 9624 10075 10120 10175 10214 10540 10664 10799 10801 11402 11441 11469 11734 11898 12027 12166 12184 12423 12510 12706 13021 13035 13193 13267 13276 13384 13476 13580 13941 14079 14130 14255 14307 14475 14564 14689 14927 14941 15095 15307 15386 15402 15418 15683 15826 15895 15922 15938 15961 16061 16104 16195 16647 16649 16688 16694 16714 16716 16731 16732 16734 16745 16748 16754 16755 16761 16781 16794 16815 
	}
	naval_terrain=water_fjords
	weather={
	}
}
