
strategic_region={
	id=130
	name="STRATEGICREGION_130"
	provinces={
		9430 9583 9748 9758 9759 9929 9962 10025 10046 10264 10331 10513 10545 10596 10782 10830 11032 11049 11108 11347 11376 11390 11567 11578 11579 11590 11619 11630 11721 11765 11774 11915 11947 12007 12062 12066 12092 12105 12146 12311 12468 12757 12794 13052 13077 13216 13259 13502 13518 13525 13553 13752 13798 13898 13962 13969 14025 14032 14094 14100 14231 14254 14277 14471 14649 14663 14826 14849 14945 15179 15235 15354 15376 15454 15521 15525 15563 15692 15701 15709 15724 15763 15929 15986 16001 16055 16185 16310 16347 16404 16411 16412 16477 16493 16508 16510 16527 16528 16536 16540 16541 16571 16575 16597 18143 18145 18148 
	}
	naval_terrain=water_deep_ocean
	weather={
	}
}
