
strategic_region={
	id=132
	name="STRATEGICREGION_132"
	provinces={
		9137 9139 9475 9517 9580 9598 9714 9843 10259 10350 10358 10407 10412 10444 10467 10593 10749 11099 11191 11247 11329 11332 11334 11479 11513 11525 11537 11555 11560 11612 11684 11828 11843 11858 11963 11969 12101 12287 12520 12537 12590 12621 12628 12773 12810 12858 13002 13031 13089 13240 13271 13294 13376 13383 13431 13461 13559 13664 13697 13825 13862 13873 13987 14301 14690 14760 14778 14809 14896 14994 15015 15139 15150 15334 15501 15507 15524 15778 15853 15869 15988 16163 16254 16263 16311 16344 16345 16353 16376 16380 16390 16407 16415 16443 16449 16468 16495 16530 16539 16582 
	}
	naval_terrain=water_deep_ocean
	weather={
	}
}
