
strategic_region={
	id=133
	name="STRATEGICREGION_133"
	provinces={
		9665 9746 9967 10164 10242 10255 10645 10695 10822 10955 11222 11497 11508 11543 11582 11602 11760 11782 12109 12165 12472 12575 12698 12769 12856 12910 13121 13186 13403 13457 13587 13622 13658 13659 13995 14034 14047 14428 14429 14439 14499 14508 14560 14571 14630 14734 14779 14795 14812 14817 14901 15133 15421 15500 15583 15586 15610 15678 15765 15777 15805 15852 15948 16250 16297 17023 17049 17070 17075 17127 17131 17133 17144 17154 17184 17211 17228 17281 
	}
	naval_terrain=water_fjords
	weather={
	}
}
