
strategic_region={
	id=137
	name="STRATEGICREGION_137"
	provinces={
		9610 9692 9772 10115 10302 10393 10448 10507 10527 10655 11195 11561 12005 12233 12278 12367 12523 12630 12646 12845 12870 12957 13122 13126 13194 13381 13549 13839 13866 13943 14071 14115 14299 14474 14675 14704 14742 14782 14931 15123 15157 15331 15449 15498 15580 15695 15844 15864 15894 15910 15939 17525 17527 17539 17544 17552 17556 17565 17574 17576 17597 17598 17617 17629 17633 17636 17639 17658 17667 17688 
	}
	weather={
	}
}
