
strategic_region={
	id=138
	name="STRATEGICREGION_138"
	provinces={
		4360 8497 8513 8533 9355 9626 9688 9723 9818 9865 9969 10035 10110 10116 10854 10903 11155 11316 11363 11436 11456 11466 11488 11651 11698 11840 11912 11927 12041 12061 12164 12273 12275 12368 12501 12742 12840 12898 12917 13046 13265 13319 13352 13363 13368 13523 13575 13638 13827 13892 13994 14009 14028 14070 14236 14273 14457 14601 14682 14748 14910 14917 15032 15063 15070 15118 15219 15411 15635 15862 16038 16214 16225 16233 17251 17292 17318 17326 17335 17349 17377 17383 17396 17414 17424 17429 17430 17440 17441 17448 17469 17474 17488 17507 17513 17515 17519 
	}
	weather={
	}
}
