
strategic_region={
	id=139
	name="STRATEGICREGION_139"
	provinces={
		9485 9506 9566 9945 9961 9978 10008 10028 10039 10070 10124 10126 10150 10315 10321 10395 10475 10502 10526 10599 10653 10682 10867 10957 10964 11079 11217 11228 11369 11401 11475 11699 11746 11752 11787 11967 12112 12151 12217 12231 12509 12713 12817 12889 12905 12944 13105 13231 13375 13380 13392 13491 13531 13712 13728 13802 14019 14051 14055 14081 14139 14237 14644 14666 15224 15601 15641 15841 15904 16085 17188 17200 17300 17309 17347 17384 17407 17415 17458 17545 17557 17570 
	}
	weather={
	}
}
