
strategic_region={
	id=140
	name="STRATEGICREGION_140"
	provinces={
		9464 9479 9650 9680 9686 9992 10152 10195 10205 10536 10631 10779 10802 11030 11100 11127 11128 11250 11341 11524 11642 11670 11852 11879 11880 11995 12029 12032 12083 12305 12432 12524 12595 12809 12830 12941 13022 13070 13082 13166 13221 13323 13331 13366 13391 13405 13432 13439 13504 13854 13879 13882 13920 14073 14192 14289 14434 14585 14672 14693 14713 14840 14845 15008 15326 15440 15515 15517 15664 15682 15872 15979 16029 16092 16190 17011 17095 17099 17108 17114 17138 17149 17152 17157 17165 17166 17181 17197 17201 17203 17210 17213 17219 17227 17237 17240 17270 17273 17277 
	}
	naval_terrain=water_deep_ocean
	weather={
	}
}
