
strategic_region={
	id=142
	name="STRATEGICREGION_142"
	provinces={
		9433 9632 9717 9756 9807 9971 9994 10132 10356 10445 10453 10774 10992 11206 11306 11762 11826 11882 11888 12051 12167 12228 12340 12344 12406 12515 12569 12574 12609 12798 12860 12907 12954 13043 13083 13288 13402 13436 13606 13902 13989 13998 14152 14201 14232 14370 14473 14794 14950 15212 15294 15413 15493 15529 15698 15747 16147 16161 16227 17528 17546 17554 17559 17572 17575 17577 17609 17618 17646 17656 17672 
	}
	weather={
	}
}
