
strategic_region={
	id=145
	name="STRATEGICREGION_145"
	provinces={
		9484 9805 9871 9892 10147 10208 10249 10439 10443 10516 10842 11001 11321 11460 11483 11657 11780 11929 12408 12475 12587 12629 12744 12869 13062 13150 13170 13348 13452 13521 13736 13781 13996 14149 14151 14189 14226 14283 14293 14445 14468 14519 14520 14868 14884 15119 15168 15171 15190 15206 15246 15283 15314 15365 15407 15551 15574 15579 15705 15740 16054 16172 16286 17290 17331 17334 17338 17356 17368 17379 17385 17391 17410 17411 17425 17427 17501 17526 
	}
	naval_terrain=water_fjords
	weather={
	}
}
