
strategic_region={
	id=146
	name="STRATEGICREGION_146"
	provinces={
		2027 6492 9262 9263 9295 9657 9726 9767 10030 10182 10226 10322 10573 10613 10805 11019 11027 11182 11328 11340 11529 11688 11693 11697 12093 12119 12735 12829 12831 12950 13091 13095 13152 13160 13365 13413 13601 13976 14042 14059 14074 14089 14133 14147 14257 14262 14361 14414 14422 14705 14813 14937 15013 15025 15045 15121 15241 15371 15660 15663 15799 15849 15960 16281 17119 17156 17177 17195 17199 17230 17239 17254 17256 17274 17283 17297 17312 17317 17358 17361 
	}
	naval_terrain=water_fjords
	weather={
	}
}
