
strategic_region={
	id=150
	name="STRATEGICREGION_150"
	provinces={
		7 277 333 422 525 632 667 779 918 946 951 1277 1300 1439 1499 1559 1749 1810 1967 2023 2429 2501 2543 2634 2651 2658 2665 2751 2771 2869 2935 2938 3280 3322 3469 3515 3558 3821 4070 4178 4411 4452 4563 4591 4607 4619 4674 4722 4734 4943 5430 5440 5449 5455 5466 5478 5491 5500 5517 5519 5520 5525 5535 5552 5556 5563 5570 5586 5587 5589 5595 5599 5612 5618 5619 5620 5632 5640 5647 5654 5655 5666 5674 5683 5687 5721 5744 5772 
	}
	weather={
	}
}
