
strategic_region={
	id=157
	name="STRATEGICREGION_157"
	provinces={
		396 1333 1433 2037 2351 2750 3371 9130 9131 9132 9761 9788 10514 11080 11097 11104 11160 11565 11855 12235 12362 12522 12526 12727 12990 13141 13397 13417 13468 13563 13740 14004 14022 14035 14093 14171 14200 14217 14258 14341 14420 14452 14581 14710 14731 14898 14968 15101 15162 15183 15290 15308 15373 15459 15757 15839 15892 15978 16135 16220 17799 17805 17816 17839 17846 17848 17857 17871 17928 17930 17931 17941 17943 17948 17956 17964 17983 18017 
	}
	weather={
	}
}
