
strategic_region={
	id=158
	name="STRATEGICREGION_158"
	provinces={
		9609 9627 9687 9792 10049 10237 10435 10501 10512 10576 10618 10743 10900 10912 10954 11054 11383 11785 11907 11911 11987 12013 12038 12130 12253 12386 12528 12721 12883 13138 13330 13406 13777 14259 14335 14543 14563 14568 14570 14640 14651 14656 14664 14745 15092 15161 15230 15293 15389 15429 15801 15918 15969 16069 16224 17691 17713 17718 17733 17749 17753 17760 17817 17826 17830 17849 17851 17884 17900 17913 17926 
	}
	weather={
	}
}
