
strategic_region={
	id=160
	name="STRATEGICREGION_160"
	provinces={
		9490 9541 9589 9595 9670 9891 9930 10001 10010 10048 10052 10241 10267 10432 10437 10555 11060 11154 11223 11319 11489 11568 11637 11893 11904 12031 12157 12169 12174 12261 12341 12669 12922 13139 13156 13218 13286 13456 13625 13696 13799 13915 14041 14131 14138 14213 14296 14329 14346 14357 14538 14780 14852 14854 14855 14932 15058 15339 15342 15502 15622 15688 15854 15951 16005 16105 16112 16242 16277 17742 17745 17758 17763 17766 17769 17790 17791 17810 17823 17824 17828 17845 17847 17875 17876 17879 17880 17889 17897 17903 17908 17918 17932 
	}
	weather={
	}
}
