
strategic_region={
	id=161
	name="STRATEGICREGION_161"
	provinces={
		9605 9694 10004 10024 10181 10243 10404 10424 10524 10654 10765 10860 10914 10945 10987 11134 11254 11391 11413 11454 11526 11725 11738 11901 11979 12023 12252 12283 12358 12377 12517 12594 12676 12714 12724 12807 12985 13104 13227 13370 13511 13847 13887 13942 13986 14096 14545 14632 14660 14934 15024 15225 15269 15295 15581 15658 15708 15860 16157 17973 17986 17997 18010 18013 18014 18019 18027 18038 18077 18078 18083 18115 18116 
	}
	weather={
	}
}
