
strategic_region={
	id=162
	name="STRATEGICREGION_162"
	provinces={
		9459 9474 9542 9594 9601 9704 9721 9768 9836 10100 10206 10225 10235 10246 10274 10349 10381 10386 10495 10709 10883 11034 11076 11119 11137 11152 11184 11425 11432 11484 11487 11527 11633 11741 11753 11763 11835 11881 11971 11974 12054 12111 12320 13090 13168 13253 13260 13277 13398 13595 13600 13922 14375 14838 14948 15023 15090 15131 15151 15214 15215 15296 15630 15636 15679 17866 17874 17883 17885 17921 17950 17963 17968 17971 17977 17992 18011 18022 18066 
	}
	naval_terrain=water_deep_ocean
	weather={
	}
}
