
strategic_region={
	id=170
	name="STRATEGICREGION_170"
	provinces={
		9614 9713 9953 9966 9996 10080 10113 10426 10611 10800 10887 10985 11089 11106 11148 11500 11502 11644 11764 11943 12100 12281 12445 12479 12532 12689 12733 12736 12801 12820 12871 12960 13258 13475 13535 13568 13603 13639 13654 13734 13747 13895 13936 14057 14085 14358 14405 14467 14546 14567 14802 15019 15442 15540 15607 15613 15720 15756 15767 15891 16126 16230 16235 17248 17255 17263 17266 17282 17289 17304 17307 17321 17336 17348 17380 17399 17409 17433 17435 17437 17461 17465 17496 17499 
	}
	weather={
	}
}
