
strategic_region={
	id=171
	name="STRATEGICREGION_171"
	provinces={
		9625 9637 9739 9741 9905 9990 10088 10284 10346 10554 10673 10858 10862 10866 10889 10909 10968 11059 11353 11453 11605 11675 11846 11926 11946 12136 12372 12507 12551 12553 12682 13068 13333 13614 13684 13903 13992 14007 14173 14245 14286 14486 14681 14870 14983 14993 15052 15169 15218 15322 15392 15431 15506 15554 15774 15810 15819 16120 16143 16152 16191 16236 17479 17510 17530 17536 17549 17560 17561 17564 17567 17595 17605 17623 17627 17630 17640 17641 17648 17686 
	}
	weather={
	}
}
