
strategic_region={
	id=172
	name="STRATEGICREGION_172"
	provinces={
		9440 9503 9524 9629 9666 9720 9732 9886 10134 10250 10257 10269 10466 10566 10628 10661 10713 10740 10753 10835 10872 10882 10905 11003 11063 11091 11092 11214 11227 11409 11442 11616 11866 12096 12345 12357 12424 12428 12561 12738 12896 12924 12978 12992 12993 13024 13055 13097 13173 13311 13318 13505 13602 13650 13651 13690 13719 13730 13940 13950 14010 14228 14263 14324 14332 14401 14427 14435 14438 14494 14576 14603 14711 14784 14814 14851 14893 14942 14957 15038 15057 15178 15323 15341 15437 15491 15598 15646 15772 15780 16084 16272 17631 17652 17663 17702 17716 17729 17731 17737 17786 17787 17793 17806 17811 17852 17863 17867 17870 17887 17909 17919 
	}
	weather={
	}
}
