
strategic_region={
	id=173
	name="STRATEGICREGION_173"
	provinces={
		9423 9511 9817 9832 9921 9950 10056 10187 10201 10247 10273 10351 10450 10454 10778 10807 10812 10837 10901 10948 11170 11192 11216 11273 11399 11533 11827 11976 12145 12186 12189 12193 12209 12420 12446 12499 12589 12943 12968 13184 13207 13223 13372 13451 13458 13469 13545 13555 13593 13916 13993 14036 14078 14134 14309 14321 14465 14493 14549 14594 14611 14757 14800 14831 14874 14944 15011 15034 15100 15122 15125 15249 15251 15393 15621 15710 15730 15828 16020 16041 16116 16241 17717 17738 17747 17774 17779 17794 17797 17798 17804 17807 17809 17818 17822 17825 17831 17837 17858 17868 17881 17894 17904 17910 17911 17920 17922 17937 17942 17944 17947 17966 18003 
	}
	weather={
	}
}
