
strategic_region={
	id=174
	name="STRATEGICREGION_174"
	provinces={
		9703 9825 9879 9960 10016 10051 10065 10084 10106 10318 10360 10387 10456 10625 10838 11000 11018 11124 11219 11263 11384 11767 11937 11954 11984 12181 12293 12323 12439 12636 12650 12699 12822 12935 12991 13088 13147 13309 13317 13360 13455 13537 13821 14378 14577 14627 14671 14700 14716 14805 15105 15113 15211 15346 15353 15388 15677 16044 16052 16213 17594 17606 17628 17634 17644 17649 17655 17703 17711 17721 17739 17761 17770 17813 
	}
	weather={
	}
}
