
strategic_region={
	id=177
	name="STRATEGICREGION_177"
	provinces={
		9390 9588 9618 9643 9753 9867 9885 9898 10103 10211 10292 10306 10344 10457 10587 10609 10891 10918 10950 11033 11407 11494 11592 11596 11736 11793 11985 12008 12185 12211 12222 12326 12380 12398 12490 12504 12583 12648 12958 13382 13396 13419 13434 13621 13677 13765 13822 13980 13990 14180 14229 14308 14430 14736 14825 14836 14903 15064 15124 15186 15237 15594 15831 15863 16099 16149 17637 17642 17662 17682 17693 17710 17726 17734 17759 17762 17775 17780 17800 17802 17808 17829 17843 17853 17890 17899 
	}
	weather={
	}
}
