
strategic_region={
	id=178
	name="STRATEGICREGION_178"
	provinces={
		170 2372 3055 8193 8275 9336 9340 9638 9697 9706 9931 9972 10388 10430 10635 10700 10842 11071 11190 11307 11374 11419 11691 12012 12017 12204 12248 12451 12463 12487 12837 12934 13075 13132 13198 13459 13628 13810 13872 13893 13974 13999 14026 14095 14157 14203 14418 14446 14461 14509 14514 14519 14673 14869 15142 15147 15193 15312 15467 15705 15706 15726 15729 15731 15743 15776 15842 15848 16039 16187 17232 17271 17310 17324 17343 17360 17372 17390 17400 17403 17420 17438 17457 17463 17466 17472 17482 17489 17514 
	}
	weather={
	}
}
