
strategic_region={
	id=179
	name="STRATEGICREGION_179"
	provinces={
		9466 9497 9543 9911 10477 10550 10691 10701 10795 10886 10959 11147 11189 11238 11296 11410 11539 11717 11766 11811 11821 12042 12087 12234 12303 12314 12348 12375 12560 12632 12641 12645 12688 12694 12996 13099 13114 13199 13546 13578 13663 13721 13811 13878 14251 14279 14319 14390 14503 14580 14593 14618 14749 14858 15016 15065 15103 15226 15519 15557 15627 15815 16035 16182 16238 16303 16679 16739 16751 16764 16773 16783 16784 16788 16809 16828 16858 16873 16906 16915 16933 
	}
	weather={
	}
}
