
strategic_region={
	id=181
	name="STRATEGICREGION_181"
	provinces={
		6 35 305 325 388 484 528 556 573 619 688 889 1052 1223 1287 1330 1361 1444 1532 1560 1623 1653 1718 1759 1785 1851 1926 1929 2108 2228 2237 2254 2571 2616 2624 2722 2833 2971 2986 3043 3063 3076 3110 3142 3325 3326 3422 3616 3665 3681 3783 3927 3962 4069 4162 4182 4202 4214 4287 4330 4348 4397 4480 4499 4618 4632 4642 4678 4707 4709 4716 4793 4837 4860 5966 6002 6014 6018 6020 6023 6031 6032 6033 6034 6037 6048 6052 6055 6065 6066 6067 6074 6078 6080 6083 6087 6089 6090 6097 6100 6104 6111 6112 6119 6125 6128 6129 6133 6139 6145 6153 6171 6173 6179 6189 6190 6191 6198 6213 6218 6223 6224 6226 6231 6236 6238 6244 6255 6263 6273 6282 6283 6305 6308 6314 6325 6332 6339 6344 6345 6351 6360 6361 6362 6385 6386 6393 6397 6414 6430 6431 6436 6448 6455 6462 6465 6466 6480 6504 6505 6512 6513 6524 9227 9228 9231 18189 
	}
	weather={
	}
}
