
strategic_region={
	id=184
	name="STRATEGICREGION_184"
	provinces={
		47 63 128 399 446 544 644 1077 1111 1192 1206 1258 1475 1486 1535 1569 1638 1733 1829 1900 1972 1997 2122 2148 2218 2518 2589 2681 2728 2740 2842 2993 3211 3246 3279 3441 3562 3573 3589 3695 3706 3770 3994 4072 4180 4229 4390 4461 4494 4525 4702 4714 4887 8146 8154 8172 8173 8180 8204 8230 8231 8235 8248 8255 8293 8294 8308 8309 8334 8340 8347 8364 8365 8394 8402 8408 8414 8436 8443 8445 8475 8478 8479 8505 8514 8516 8520 8538 8556 8561 8562 8563 8582 8601 8611 8615 8685 8692 8709 8721 
	}
	weather={
	}
}
