
strategic_region={
	id=191
	name="STRATEGICREGION_191"
	provinces={
		84 153 271 275 321 366 477 843 905 972 1130 1159 1269 1283 1551 1566 1783 1831 1845 1885 2113 2201 2231 2279 2459 2481 2647 2933 3000 3010 3012 3035 3239 3409 3794 3974 4055 4077 4365 4424 4528 4543 4555 4556 4567 4726 4822 4863 4865 7709 7771 7841 7908 7922 7938 7955 7988 7999 8006 8026 8044 8094 8123 8139 8147 8181 8213 8232 8263 8271 8310 8349 8383 8384 8385 8395 8403 8420 8423 8447 8458 8487 8501 8522 8523 8528 8534 8578 8599 8605 8624 8660 8662 
	}
	weather={
	}
}
