
strategic_region={
	id=193
	name="STRATEGICREGION_193"
	provinces={
		9211 9335 9345 9361 9461 9482 9500 9523 9831 9859 9873 9927 9959 9986 10228 10299 10320 10538 10574 10644 10650 10679 10698 10834 11029 11149 11204 11242 11248 11335 11458 11504 11520 11544 11678 11807 11895 11902 12033 12175 12279 12301 12414 12489 12603 12764 12777 12802 12818 12875 12916 12981 13098 13266 13280 13503 13753 13841 13864 14014 14264 14394 14406 14443 14464 14524 14540 14715 14815 14905 14962 15053 15158 15239 15271 15317 15396 15433 15489 15591 15600 15606 16009 16048 16198 16790 16803 16814 16838 16894 16909 16910 16918 16939 16942 16948 16953 16962 17019 17028 17036 17042 17074 
	}
	naval_terrain=water_fjords
	weather={
	}
}
