
strategic_region={
	id=194
	name="STRATEGICREGION_194"
	provinces={
		9536 9575 9655 9658 9734 9752 9861 10096 10128 10142 10382 10465 10610 10733 10755 10758 10916 10953 10969 10983 11074 11120 11145 11202 11261 11311 11371 11434 11499 11549 11729 11877 11897 11975 12010 12026 12091 12155 12310 12333 12611 12651 12654 12859 13029 13030 13118 13238 13296 13358 13454 13485 13723 13807 13910 14011 14037 14399 14512 14516 14547 15089 15152 15173 15488 15490 15571 15612 15665 15959 16018 16136 16144 16156 16179 16258 17141 17145 17182 17202 17224 17253 17311 17313 17320 17322 17337 17352 17365 17376 17389 17393 17416 
	}
	weather={
	}
}
