
strategic_region={
	id=195
	name="STRATEGICREGION_195"
	provinces={
		9421 9443 9462 9693 9735 9801 9806 9878 10018 10040 10194 10389 10459 10630 10741 10816 10831 11047 11069 11088 11150 11187 11262 11282 11490 11724 11727 11788 11860 12015 12069 12103 12172 12243 12274 12335 12354 12458 12555 12616 12913 12915 12937 13044 13287 13342 13369 13534 13641 13889 13934 14001 14015 14105 14145 14216 14298 14364 14387 14463 14555 14764 14904 14921 15062 15087 15111 15172 15197 15315 15377 15434 15485 15548 15652 15656 15675 15840 15914 16209 16248 17954 17993 18001 18002 18004 18007 18026 18034 18047 18052 18056 18062 18079 18082 18090 18122 
	}
	weather={
	}
}
