
strategic_region={
	id=196
	name="STRATEGICREGION_196"
	provinces={
		9481 9533 9586 9645 9684 9712 9730 9751 9760 9820 9852 9874 9928 10000 10033 10045 10081 10105 10245 10260 10305 10332 10347 10414 10429 10461 10497 10607 10637 10651 10685 10757 10811 10859 10875 10915 11035 11056 11176 11253 11257 11299 11317 11361 11395 11569 11570 11668 11707 11755 11776 11836 11874 12000 12001 12022 12316 12332 12454 12601 12780 12874 12918 12947 12988 13076 13081 13346 13470 13848 13881 14045 14179 14197 14222 14331 14381 14389 14442 14515 14638 15067 15080 15117 15129 15160 15361 15425 15482 15503 15820 15885 15906 15928 15945 15963 16226 16974 16988 17039 17205 17287 17342 17370 17460 17491 
	}
	naval_terrain=water_deep_ocean
	weather={
	}
}
