
strategic_region={
	id=199
	name="STRATEGICREGION_199"
	provinces={
		9488 9516 9528 9574 9587 9909 10032 10093 10094 10258 10265 10277 10303 10553 10569 11111 11186 11312 11457 11464 11474 11501 11595 11625 11650 11856 11857 11899 12104 12121 12150 12202 12405 12494 12556 12653 12861 12938 12974 13326 13343 13554 13611 13718 13790 13919 14110 14454 14830 14856 15048 15177 15288 15299 15348 15798 15806 15887 15915 15964 16000 16030 16184 16189 17454 17481 17495 17520 17547 17553 17568 17587 17589 17619 17647 17674 17683 17695 
	}
	naval_terrain=water_deep_ocean
	weather={
	}
}
