
strategic_region={
	id=203
	name="STRATEGICREGION_203"
	provinces={
		9449 9455 9591 9602 9695 9938 10007 10071 10188 10236 10248 10378 10591 10694 10696 10719 10814 10937 10989 11006 11040 11143 11159 11209 11378 11459 11599 11608 11749 11934 11990 12004 12048 12173 12197 12232 12334 12402 12495 12511 12668 13236 13274 13489 13643 13704 13824 14103 14144 14167 14196 14397 14912 14997 15021 15337 15435 15456 15633 16106 16109 17976 18008 18030 18050 18055 18058 18070 18073 18089 18104 18113 
	}
	weather={
	}
}
