
strategic_region={
	id=204
	name="STRATEGICREGION_204"
	provinces={
		9339 9416 9584 9648 9743 9763 9889 10023 10102 10220 10301 10451 10481 10640 10929 10933 10967 10971 10993 10998 11052 11355 11430 11440 11452 11505 11511 11624 11978 12240 12244 12450 12460 12564 12580 12725 12839 12888 13123 13350 13421 13474 13547 13556 13557 13583 13588 13749 13792 13891 13947 14106 14175 14230 14242 14265 14313 14345 14400 14449 14610 15277 15333 15372 15384 15523 15719 15725 15957 15989 16053 16121 16208 16215 17812 17834 17861 17877 17878 17892 17895 17924 17955 17957 17969 17970 17974 17982 17990 17991 17994 18005 
	}
	weather={
	}
}
