
strategic_region={
	id=205
	name="STRATEGICREGION_205"
	provinces={
		9419 9548 9983 10198 10391 10529 10530 10684 11093 11258 11275 11304 11530 11795 11924 12108 12331 12370 12388 12442 12539 12747 12783 12784 12826 12933 12945 13164 13176 13242 13250 13357 13464 13472 13616 13653 13952 14067 14069 14241 14366 14548 14562 14702 14735 14861 14885 14908 14930 15069 15078 15181 15378 15470 15516 15773 15932 16028 16068 16129 18012 18015 18023 18025 18031 18035 18044 18049 18057 18061 18072 18075 18086 18091 18094 18097 18110 18111 18114 18120 
	}
	weather={
	}
}
