
strategic_region={
	id=214
	name="STRATEGICREGION_214"
	provinces={
		130 351 574 659 800 856 963 1098 1149 1203 1348 1601 1703 1775 1837 2109 2129 2156 2184 2269 2315 2394 2423 2433 2464 2563 2581 2766 3059 3114 3126 3473 3852 3881 3883 4035 4049 4148 4269 4385 4421 4600 4784 4859 4900 4903 7431 7432 7491 7494 7502 7527 7558 7568 7569 7570 7580 7581 7588 7611 7670 7671 7703 7706 7720 7740 7760 7768 7781 7782 7812 7813 7814 7832 7839 7853 7874 7891 7904 7905 7913 7951 7977 7978 8033 8051 8093 8102 8115 8142 8166 8198 8307 9306 9326 
	}
	weather={
	}
}
