
strategic_region={
	id=230
	name="STRATEGICREGION_230"
	provinces={
		9435 9540 9559 9577 9757 9812 9814 9826 9870 9900 9943 10058 10178 10279 10401 10493 10556 10729 10752 10821 10839 10844 10868 10892 11036 11179 11188 11194 11276 11418 11431 11720 11868 11980 12073 12149 12159 12220 12596 12626 12662 12919 13036 13591 13667 14031 14311 14470 14685 14753 14810 14929 15209 15438 15508 15615 15649 15807 16016 16090 17778 17803 17923 17951 17972 17989 18006 18046 18069 18112 18123 
	}
	weather={
	}
}
