
strategic_region={
	id=240
	name="STRATEGICREGION_240"
	provinces={
		14 49 59 77 144 156 186 276 499 513 517 534 747 825 947 1124 1145 1146 1193 1196 1540 1819 1874 1878 1939 1976 1983 1984 2033 2048 2097 2118 2159 2170 2317 2339 2377 2425 2427 2451 2453 2620 2663 2720 2724 2757 2909 3417 3549 3612 3638 3687 3736 3760 3803 3896 3909 3911 4044 4094 4142 4416 4497 4609 4656 4686 4800 4821 7415 7501 7543 7556 7573 7635 7688 7737 7753 7778 7808 7809 7818 7828 7829 7837 7860 7861 7862 7911 7924 7931 7974 7995 7996 8013 8030 8039 8056 8081 8092 8109 8113 8114 8144 8145 8151 8152 8188 8201 8202 8207 8208 8209 8229 8239 8246 8251 8252 8267 8268 8269 8278 8279 8292 8301 8302 8305 8306 8314 8315 8328 8329 8333 8343 8359 8371 8375 8393 8398 8399 8415 8416 8512 8690 18209 
	}
	weather={
	}
}
