
strategic_region={
	id=30
	name="STRATEGICREGION_30"
	provinces={
		78 180 291 588 646 1075 1128 1450 1514 1539 1652 1743 1894 2123 2124 2131 2200 2229 2238 2446 2551 2851 2931 3050 3124 3171 3185 3238 3258 3335 3382 3462 3654 3655 3700 3719 3808 3830 3877 3915 4021 4076 4101 4286 4289 4693 4713 6976 6977 6986 7001 7081 7126 7137 7138 7145 7164 7165 7180 7196 7210 7218 7219 7230 7247 7281 7282 7301 7316 7327 7352 7379 7389 7395 7407 7416 7434 7435 7440 7448 7461 7469 7475 7476 7497 7512 7538 7539 7540 7546 7584 7613 7632 7663 7721 
	}
	weather={
	}
}
