
strategic_region={
	id=60
	name="STRATEGICREGION_60"
	provinces={
		221 361 441 666 729 1076 1416 1429 1953 1974 2006 2153 2305 2454 2515 2516 2572 2649 2785 2874 2946 2997 3213 3350 3490 3520 3614 3780 4231 4486 4546 4895 6206 6256 6257 6301 6309 6317 6329 6335 6370 6371 6376 6387 6398 6399 6404 6410 6428 6433 6437 6449 6463 6467 6468 6475 6483 6506 6517 6518 6525 6535 6541 6550 6566 6577 6585 6592 6606 6614 6620 6637 6638 6647 6648 6655 6661 6683 6695 6704 6739 6786 6846 6847 6900 9241 
	}
	weather={
	}
}
