
strategic_region={
	id=61
	name="STRATEGICREGION_61"
	provinces={
		149 226 502 523 542 543 696 796 835 1004 1006 1086 1171 1197 1275 1337 1369 1445 1493 1774 1856 1932 1964 1986 2028 2211 2383 2430 2483 2604 2676 2684 2799 2879 2884 2925 3017 3095 3102 3133 3140 3249 3347 3389 3406 3426 3527 3643 3689 3712 3768 3784 3818 3858 3986 4004 4108 4247 4298 4306 4307 4505 4526 4540 4610 4728 4752 4802 4815 4935 5893 5899 5910 5916 5924 5929 5939 5944 5945 5948 5953 5959 5960 5963 5964 5967 5976 5977 5984 5989 5995 5996 5999 6004 6005 6028 6029 6042 6050 6051 6053 6057 6058 6061 6062 6068 6069 6084 6091 6092 6093 6101 6102 6103 6105 6117 6120 6121 6130 6131 6134 6140 6149 6154 6163 6164 6165 6174 6175 6180 6182 6192 6193 6199 6203 6219 6225 6239 6240 6247 6258 6278 6340 9225 18131 
	}
	weather={
	}
}
