
strategic_region={
	id=66
	name="STRATEGICREGION_66"
	provinces={
		151 154 178 240 330 428 586 885 921 1173 1199 1364 1375 1434 1472 1477 1478 1562 1604 1824 1830 1881 1891 1952 2003 2098 2100 2116 2185 2193 2318 2362 2440 2478 2772 2843 2949 2968 3637 3691 3697 3802 3816 3857 3991 4168 4197 4246 4282 4376 4646 4662 4664 4738 4774 4876 7946 7969 8015 8016 8053 8070 8157 8186 8191 8219 8226 8242 8259 8260 8274 8284 8298 8322 8323 8350 8354 8366 8386 8396 8410 8430 8440 8450 8459 8464 8473 8482 8489 8529 8535 8540 8541 8542 8551 8618 8619 8654 8706 
	}
	weather={
	}
}
