
strategic_region={
	id=68
	name="STRATEGICREGION_68"
	provinces={
		198 287 1100 1160 1194 1237 1458 1476 1496 1517 1575 1731 1816 2056 2077 2316 2470 2764 2791 2807 2825 2895 2896 3131 3181 3196 3232 3419 3423 3476 3645 3684 3704 3752 3841 3918 3963 4002 4025 4043 4177 4489 4533 4595 4704 4910 6496 6554 6581 6601 6616 6632 6686 6698 6719 6734 6761 6779 6780 6788 6827 6834 6835 6840 6884 6885 6896 6923 6929 6930 6988 6989 6990 6998 7032 7037 7042 7043 7093 7094 7105 7107 7112 7124 7160 7181 7202 7235 7248 7268 7304 7356 7371 7391 18194 18294 
	}
	weather={
	}
}
