
strategic_region={
	id=76
	name="STRATEGICREGION_76"
	provinces={
		9501 9682 9855 9856 9976 10054 10312 10488 10720 10936 10958 10963 11136 11264 11496 11503 11667 11687 11690 11825 11863 11867 11870 12462 12491 12600 12625 12659 12690 12726 12844 12892 13256 13339 13708 13885 13886 13983 14012 14234 14355 14495 14553 14561 14674 14733 14789 14862 14876 14890 15030 15189 15203 15325 15406 15661 16032 16081 16107 16140 16148 16199 16212 16320 16321 16339 16350 16356 16369 16387 16392 16395 16432 16437 16456 16458 16505 16543 
	}
	weather={
	}
}
