
strategic_region={
	id=77
	name="STRATEGICREGION_77"
	provinces={
		9531 9582 9777 9940 10085 10167 10270 10578 10772 10836 10861 11072 11098 11133 11272 11313 11356 11461 11558 12168 12396 12543 12602 12605 12710 12873 12926 13085 13224 13261 13262 13325 13359 13438 13520 13695 13751 13803 13875 13935 14058 14123 14227 14539 15238 15248 15274 15344 15409 15443 15476 15549 15882 15921 15980 16094 16275 16316 16317 16318 16319 16348 16355 16361 16383 16388 16405 16431 16442 16444 16445 16448 16476 16478 
	}
	weather={
	}
}
