
strategic_region={
	id=82
	name="STRATEGICREGION_82"
	provinces={
		9451 9510 9525 9527 9534 9558 9644 9691 9724 9762 10076 10256 10423 10460 10499 10534 10804 10852 10927 10975 11016 11085 11169 11235 11606 11645 11783 11918 11923 12201 12474 12476 12579 12634 12679 12796 12803 12949 12959 13153 13335 13514 13561 13689 13700 13709 13770 13814 13869 13901 13938 14150 14172 14178 14586 14750 14863 15311 15370 15416 15450 15458 15468 15542 15590 15604 15655 15680 15866 15868 15876 15888 16154 16167 16222 16312 16329 16333 16338 16357 16372 16382 16391 16393 16396 16397 16399 16413 16414 16420 16422 16423 16439 16440 16441 16447 16459 16466 16489 16490 16502 16521 16522 16554 
	}
	weather={
	}
}
