1 4 9187 5489 4909 1213 
1 4 2017 1485 2 9187 
1 6 2 5434 2181 1857 2133 9190 
3 6 18293 1390 3083 689 824 5328 
1 10 5328 5356 3042 65 5421 1307 5405 5422 1001 18254 
1 11 18259 18258 1993 4042 1498 2138 4791 5315 4778 5365 1001 
1 4 5301 531 3938 5405 
1 4 824 2258 5342 3042 
1 2 1510 2258 
1 3 5328 1620 531 
1 2 5252 4791 
1 3 3938 18255 4778 
1 4 4331 1716 5470 5497 
1 7 2462 3765 3003 5330 2824 4050 2406 
1 4 9290 782 2117 2406 
1 4 4331 5378 1522 9290 
2 6 18254 5399 2677 2017 5512 3351 
1 2 3351 4909 
1 4 5399 1737 3805 9190 
1 3 5283 1339 3805 
1 6 1716 3718 4323 2805 2521 1510 
1 11 3718 5420 2755 1854 5487 5506 4012 5597 2089 5673 3064 
1 4 2221 3801 216 1307 
